频繁模式：1,2, 支持度为：8259
频繁模式：2,1, 支持度为：7681
频繁模式：1,2,3, 支持度为：3426
频繁模式：1,3,2, 支持度为：2397
频繁模式：2,3,1, 支持度为：2385
频繁模式：2,1,3, 支持度为：2368
频繁模式：3,1,2, 支持度为：2406
频繁模式：3,2,1, 支持度为：2851
频繁模式：1,2,3,4, 支持度为：1563
频繁模式：1,2,4,3, 支持度为：771
频繁模式：1,3,4,2, 支持度为：485
频繁模式：2,3,4,1, 支持度为：581
频繁模式：1,3,2,4, 支持度为：863
频繁模式：1,4,2,3, 支持度为：534
频繁模式：1,4,3,2, 支持度为：447
频繁模式：2,4,3,1, 支持度为：527
频繁模式：2,3,1,4, 支持度为：517
频繁模式：2,4,1,3, 支持度为：492
频繁模式：3,4,1,2, 支持度为：605
频繁模式：3,4,2,1, 支持度为：748
频繁模式：2,1,3,4, 支持度为：771
频繁模式：2,1,4,3, 支持度为：517
频繁模式：3,1,4,2, 支持度为：471
频繁模式：3,2,4,1, 支持度为：583
频繁模式：3,1,2,4, 支持度为：493
频繁模式：4,1,2,3, 支持度为：567
频繁模式：4,1,3,2, 支持度为：612
频繁模式：4,2,3,1, 支持度为：711
频繁模式：3,2,1,4, 支持度为：447
频繁模式：4,2,1,3, 支持度为：516
频繁模式：4,3,1,2, 支持度为：761
频繁模式：4,3,2,1, 支持度为：1104
频繁模式：1,2,3,4,5, 支持度为：833
频繁模式：1,2,3,5,4, 支持度为：328
频繁模式：1,2,4,5,3, 支持度为：166
频繁模式：1,3,4,5,2, 支持度为：128
频繁模式：2,3,4,5,1, 支持度为：95
频繁模式：1,2,4,3,5, 支持度为：323
频繁模式：1,2,5,3,4, 支持度为：125
频繁模式：1,2,5,4,3, 支持度为：127
频繁模式：1,3,5,4,2, 支持度为：104
频繁模式：2,3,5,4,1, 支持度为：83
频繁模式：1,3,4,2,5, 支持度为：129
频繁模式：1,3,5,2,4, 支持度为：86
频繁模式：1,4,5,2,3, 支持度为：82
频繁模式：1,4,5,3,2, 支持度为：78
频繁模式：2,4,5,3,1, 支持度为：101
频繁模式：2,3,4,1,5, 支持度为：104
频繁模式：2,3,5,1,4, 支持度为：111
频繁模式：2,4,5,1,3, 支持度为：92
频繁模式：3,4,5,1,2, 支持度为：128
频繁模式：3,4,5,2,1, 支持度为：143
频繁模式：1,3,2,4,5, 支持度为：288
频繁模式：1,3,2,5,4, 支持度为：176
频繁模式：1,4,2,5,3, 支持度为：153
频繁模式：1,4,3,5,2, 支持度为：102
频繁模式：2,4,3,5,1, 支持度为：127
频繁模式：1,4,2,3,5, 支持度为：116
频繁模式：1,5,2,3,4, 支持度为：115
频繁模式：1,5,2,4,3, 支持度为：114
频繁模式：1,5,3,4,2, 支持度为：91
频繁模式：2,5,3,4,1, 支持度为：91
频繁模式：1,4,3,2,5, 支持度为：96
频繁模式：1,5,3,2,4, 支持度为：89
频繁模式：1,5,4,2,3, 支持度为：79
频繁模式：1,5,4,3,2, 支持度为：82
频繁模式：2,5,4,3,1, 支持度为：96
频繁模式：2,4,3,1,5, 支持度为：80
频繁模式：2,5,3,1,4, 支持度为：69
频繁模式：2,5,4,1,3, 支持度为：94
频繁模式：3,5,4,1,2, 支持度为：122
频繁模式：3,5,4,2,1, 支持度为：157
频繁模式：2,3,1,4,5, 支持度为：152
频繁模式：2,3,1,5,4, 支持度为：101
频繁模式：2,4,1,5,3, 支持度为：66
频繁模式：3,4,1,5,2, 支持度为：82
频繁模式：3,4,2,5,1, 支持度为：109
频繁模式：2,4,1,3,5, 支持度为：92
频繁模式：2,5,1,3,4, 支持度为：95
频繁模式：2,5,1,4,3, 支持度为：98
频繁模式：3,5,1,4,2, 支持度为：100
频繁模式：3,5,2,4,1, 支持度为：100
频繁模式：3,4,1,2,5, 支持度为：88
频繁模式：3,5,1,2,4, 支持度为：77
频繁模式：4,5,1,2,3, 支持度为：115
频繁模式：4,5,1,3,2, 支持度为：120
频繁模式：4,5,2,3,1, 支持度为：201
频繁模式：3,4,2,1,5, 支持度为：79
频繁模式：3,5,2,1,4, 支持度为：71
频繁模式：4,5,2,1,3, 支持度为：108
频繁模式：4,5,3,1,2, 支持度为：186
频繁模式：4,5,3,2,1, 支持度为：293
频繁模式：2,1,3,4,5, 支持度为：316
频繁模式：2,1,3,5,4, 支持度为：179
频繁模式：2,1,4,5,3, 支持度为：85
频繁模式：3,1,4,5,2, 支持度为：67
频繁模式：3,2,4,5,1, 支持度为：119
频繁模式：2,1,4,3,5, 支持度为：185
频繁模式：2,1,5,3,4, 支持度为：111
频繁模式：2,1,5,4,3, 支持度为：65
频繁模式：3,1,5,4,2, 支持度为：61
频繁模式：3,2,5,4,1, 支持度为：91
频繁模式：3,1,4,2,5, 支持度为：118
频繁模式：3,1,5,2,4, 支持度为：82
频繁模式：4,1,5,2,3, 支持度为：94
频繁模式：4,1,5,3,2, 支持度为：73
频繁模式：4,2,5,3,1, 支持度为：95
频繁模式：3,2,4,1,5, 支持度为：92
频繁模式：3,2,5,1,4, 支持度为：97
频繁模式：4,2,5,1,3, 支持度为：90
频繁模式：4,3,5,1,2, 支持度为：142
频繁模式：4,3,5,2,1, 支持度为：155
频繁模式：3,1,2,4,5, 支持度为：143
频繁模式：3,1,2,5,4, 支持度为：94
频繁模式：4,1,2,5,3, 支持度为：75
频繁模式：4,1,3,5,2, 支持度为：59
频繁模式：4,2,3,5,1, 支持度为：114
频繁模式：4,1,2,3,5, 支持度为：119
频繁模式：5,1,2,3,4, 支持度为：138
频繁模式：5,1,2,4,3, 支持度为：85
频繁模式：5,1,3,4,2, 支持度为：100
频繁模式：5,2,3,4,1, 支持度为：119
频繁模式：4,1,3,2,5, 支持度为：106
频繁模式：5,1,3,2,4, 支持度为：119
频繁模式：5,1,4,2,3, 支持度为：114
频繁模式：5,1,4,3,2, 支持度为：119
频繁模式：5,2,4,3,1, 支持度为：148
频繁模式：4,2,3,1,5, 支持度为：86
频繁模式：5,2,3,1,4, 支持度为：96
频繁模式：5,2,4,1,3, 支持度为：103
频繁模式：5,3,4,1,2, 支持度为：155
频繁模式：5,3,4,2,1, 支持度为：258
频繁模式：3,2,1,4,5, 支持度为：111
频繁模式：3,2,1,5,4, 支持度为：72
频繁模式：4,2,1,5,3, 支持度为：74
频繁模式：4,3,1,5,2, 支持度为：73
频繁模式：4,3,2,5,1, 支持度为：113
频繁模式：4,2,1,3,5, 支持度为：88
频繁模式：5,2,1,3,4, 支持度为：123
频繁模式：5,2,1,4,3, 支持度为：90
频繁模式：5,3,1,4,2, 支持度为：90
频繁模式：5,3,2,4,1, 支持度为：119
频繁模式：4,3,1,2,5, 支持度为：86
频繁模式：5,3,1,2,4, 支持度为：106
频繁模式：5,4,1,2,3, 支持度为：162
频繁模式：5,4,1,3,2, 支持度为：177
频繁模式：5,4,2,3,1, 支持度为：221
频繁模式：4,3,2,1,5, 支持度为：98
频繁模式：5,3,2,1,4, 支持度为：86
频繁模式：5,4,2,1,3, 支持度为：170
频繁模式：5,4,3,1,2, 支持度为：270
频繁模式：5,4,3,2,1, 支持度为：467
频繁模式：1,2,3,4,5,6, 支持度为：539
频繁模式：1,2,3,4,6,5, 支持度为：155
频繁模式：1,2,3,5,6,4, 支持度为：68
频繁模式：1,2,4,5,6,3, 支持度为：28
频繁模式：1,3,4,5,6,2, 支持度为：13
频繁模式：2,3,4,5,6,1, 支持度为：24
频繁模式：1,2,3,5,4,6, 支持度为：155
频繁模式：1,2,3,6,4,5, 支持度为：61
频繁模式：1,2,3,6,5,4, 支持度为：40
频繁模式：1,2,4,6,5,3, 支持度为：34
频繁模式：1,3,4,6,5,2, 支持度为：23
频繁模式：2,3,4,6,5,1, 支持度为：11
频繁模式：1,2,4,5,3,6, 支持度为：37
频繁模式：1,2,4,6,3,5, 支持度为：31
频繁模式：1,2,5,6,3,4, 支持度为：18
频繁模式：1,2,5,6,4,3, 支持度为：28
频繁模式：1,3,5,6,4,2, 支持度为：23
频繁模式：2,3,5,6,4,1, 支持度为：27
频繁模式：1,3,4,5,2,6, 支持度为：30
频繁模式：1,3,4,6,2,5, 支持度为：22
频繁模式：1,3,5,6,2,4, 支持度为：19
频繁模式：1,4,5,6,2,3, 支持度为：17
频繁模式：1,4,5,6,3,2, 支持度为：20
频繁模式：2,4,5,6,3,1, 支持度为：19
频繁模式：2,3,4,5,1,6, 支持度为：12
频繁模式：2,3,4,6,1,5, 支持度为：18
频繁模式：2,3,5,6,1,4, 支持度为：15
频繁模式：2,4,5,6,1,3, 支持度为：15
频繁模式：3,4,5,6,1,2, 支持度为：18
频繁模式：3,4,5,6,2,1, 支持度为：17
频繁模式：1,2,4,3,5,6, 支持度为：133
频繁模式：1,2,4,3,6,5, 支持度为：61
频繁模式：1,2,5,3,6,4, 支持度为：50
频繁模式：1,2,5,4,6,3, 支持度为：27
频繁模式：1,3,5,4,6,2, 支持度为：21
频繁模式：2,3,5,4,6,1, 支持度为：23
频繁模式：1,2,5,3,4,6, 支持度为：38
频繁模式：1,2,6,3,4,5, 支持度为：25
频繁模式：1,2,6,3,5,4, 支持度为：21
频繁模式：1,2,6,4,5,3, 支持度为：18
频繁模式：1,3,6,4,5,2, 支持度为：13
频繁模式：2,3,6,4,5,1, 支持度为：9
频繁模式：1,2,5,4,3,6, 支持度为：29
频繁模式：1,2,6,4,3,5, 支持度为：16
频繁模式：1,2,6,5,3,4, 支持度为：21
频繁模式：1,2,6,5,4,3, 支持度为：22
频繁模式：1,3,6,5,4,2, 支持度为：21
频繁模式：2,3,6,5,4,1, 支持度为：16
频繁模式：1,3,5,4,2,6, 支持度为：15
频繁模式：1,3,6,4,2,5, 支持度为：16
频繁模式：1,3,6,5,2,4, 支持度为：14
频繁模式：1,4,6,5,2,3, 支持度为：12
频繁模式：1,4,6,5,3,2, 支持度为：21
频繁模式：2,4,6,5,3,1, 支持度为：23
频繁模式：2,3,6,5,1,4, 支持度为：14
频繁模式：2,4,6,5,1,3, 支持度为：10
频繁模式：3,4,6,5,1,2, 支持度为：18
频繁模式：3,4,6,5,2,1, 支持度为：26
频繁模式：1,3,4,2,5,6, 支持度为：44
频繁模式：1,3,4,2,6,5, 支持度为：27
频繁模式：1,3,5,2,6,4, 支持度为：10
频繁模式：1,4,5,2,6,3, 支持度为：12
频繁模式：1,4,5,3,6,2, 支持度为：19
频繁模式：2,4,5,3,6,1, 支持度为：16
频繁模式：1,3,5,2,4,6, 支持度为：25
频繁模式：1,3,6,2,4,5, 支持度为：12
频繁模式：1,3,6,2,5,4, 支持度为：11
频繁模式：1,4,6,2,5,3, 支持度为：9
频繁模式：1,4,6,3,5,2, 支持度为：11
频繁模式：2,4,6,3,5,1, 支持度为：17
频繁模式：1,4,5,2,3,6, 支持度为：24
频繁模式：1,4,6,2,3,5, 支持度为：14
频繁模式：1,5,6,2,3,4, 支持度为：12
频繁模式：1,5,6,3,4,2, 支持度为：15
频繁模式：2,5,6,3,4,1, 支持度为：8
频繁模式：1,4,5,3,2,6, 支持度为：11
频繁模式：1,4,6,3,2,5, 支持度为：11
频繁模式：1,5,6,3,2,4, 支持度为：10
频繁模式：1,5,6,4,2,3, 支持度为：8
频繁模式：1,5,6,4,3,2, 支持度为：15
频繁模式：2,5,6,4,3,1, 支持度为：23
频繁模式：2,4,5,3,1,6, 支持度为：13
频繁模式：2,4,6,3,1,5, 支持度为：8
频繁模式：2,5,6,3,1,4, 支持度为：11
频繁模式：2,5,6,4,1,3, 支持度为：14
频繁模式：3,5,6,4,1,2, 支持度为：17
频繁模式：3,5,6,4,2,1, 支持度为：36
频繁模式：2,3,4,1,5,6, 支持度为：22
频繁模式：2,3,4,1,6,5, 支持度为：17
频繁模式：2,3,5,1,6,4, 支持度为：10
频繁模式：2,4,5,1,6,3, 支持度为：20
频繁模式：3,4,5,1,6,2, 支持度为：15
频繁模式：3,4,5,2,6,1, 支持度为：19
频繁模式：2,3,5,1,4,6, 支持度为：20
频繁模式：2,3,6,1,4,5, 支持度为：19
频繁模式：2,3,6,1,5,4, 支持度为：20
频繁模式：2,4,6,1,5,3, 支持度为：20
频繁模式：3,4,6,1,5,2, 支持度为：14
频繁模式：3,4,6,2,5,1, 支持度为：15
频繁模式：2,4,5,1,3,6, 支持度为：18
频繁模式：2,4,6,1,3,5, 支持度为：12
频繁模式：2,5,6,1,3,4, 支持度为：8
频繁模式：2,5,6,1,4,3, 支持度为：17
频繁模式：3,5,6,1,4,2, 支持度为：15
频繁模式：3,5,6,2,4,1, 支持度为：22
频繁模式：3,4,5,1,2,6, 支持度为：11
频繁模式：3,4,6,1,2,5, 支持度为：12
频繁模式：4,5,6,1,2,3, 支持度为：27
频繁模式：4,5,6,1,3,2, 支持度为：24
频繁模式：4,5,6,2,3,1, 支持度为：44
频繁模式：3,4,6,2,1,5, 支持度为：12
频繁模式：3,5,6,2,1,4, 支持度为：12
频繁模式：4,5,6,2,1,3, 支持度为：15
频繁模式：4,5,6,3,1,2, 支持度为：40
频繁模式：4,5,6,3,2,1, 支持度为：54
频繁模式：1,3,2,4,5,6, 支持度为：138
频繁模式：1,3,2,4,6,5, 支持度为：57
频繁模式：1,3,2,5,6,4, 支持度为：28
频繁模式：1,4,2,5,6,3, 支持度为：21
频繁模式：1,4,3,5,6,2, 支持度为：23
频繁模式：2,4,3,5,6,1, 支持度为：19
频繁模式：1,3,2,5,4,6, 支持度为：79
频繁模式：1,3,2,6,4,5, 支持度为：28
频繁模式：1,3,2,6,5,4, 支持度为：16
频繁模式：1,4,2,6,5,3, 支持度为：19
频繁模式：1,4,3,6,5,2, 支持度为：18
频繁模式：2,4,3,6,5,1, 支持度为：14
频繁模式：1,4,2,5,3,6, 支持度为：38
频繁模式：1,4,2,6,3,5, 支持度为：26
频繁模式：1,5,2,6,3,4, 支持度为：27
频繁模式：1,5,2,6,4,3, 支持度为：17
频繁模式：1,5,3,6,4,2, 支持度为：16
频繁模式：2,5,3,6,4,1, 支持度为：25
频繁模式：1,4,3,5,2,6, 支持度为：20
频繁模式：1,4,3,6,2,5, 支持度为：21
频繁模式：1,5,3,6,2,4, 支持度为：13
频繁模式：1,5,4,6,2,3, 支持度为：18
频繁模式：1,5,4,6,3,2, 支持度为：14
频繁模式：2,5,4,6,3,1, 支持度为：14
频繁模式：2,4,3,5,1,6, 支持度为：20
频繁模式：2,4,3,6,1,5, 支持度为：23
频繁模式：2,5,3,6,1,4, 支持度为：16
频繁模式：2,5,4,6,1,3, 支持度为：16
频繁模式：3,5,4,6,1,2, 支持度为：23
频繁模式：3,5,4,6,2,1, 支持度为：26
频繁模式：1,4,2,3,5,6, 支持度为：37
频繁模式：1,4,2,3,6,5, 支持度为：24
频繁模式：1,5,2,3,6,4, 支持度为：15
频繁模式：1,5,2,4,6,3, 支持度为：8
频繁模式：1,5,3,4,6,2, 支持度为：19
频繁模式：2,5,3,4,6,1, 支持度为：9
频繁模式：1,5,2,3,4,6, 支持度为：19
频繁模式：1,6,2,3,4,5, 支持度为：24
频繁模式：1,6,2,3,5,4, 支持度为：18
频繁模式：1,6,2,4,5,3, 支持度为：22
频繁模式：1,6,3,4,5,2, 支持度为：18
频繁模式：2,6,3,4,5,1, 支持度为：14
频繁模式：1,5,2,4,3,6, 支持度为：25
频繁模式：1,6,2,4,3,5, 支持度为：18
频繁模式：1,6,2,5,3,4, 支持度为：17
频繁模式：1,6,2,5,4,3, 支持度为：18
频繁模式：1,6,3,5,4,2, 支持度为：19
频繁模式：2,6,3,5,4,1, 支持度为：15
频繁模式：1,5,3,4,2,6, 支持度为：15
频繁模式：1,6,3,4,2,5, 支持度为：13
频繁模式：1,6,3,5,2,4, 支持度为：16
频繁模式：1,6,4,5,2,3, 支持度为：10
频繁模式：1,6,4,5,3,2, 支持度为：18
频繁模式：2,6,4,5,3,1, 支持度为：19
频繁模式：2,5,3,4,1,6, 支持度为：18
频繁模式：2,6,3,4,1,5, 支持度为：9
频繁模式：2,6,4,5,1,3, 支持度为：15
频繁模式：3,6,4,5,1,2, 支持度为：12
频繁模式：3,6,4,5,2,1, 支持度为：28
频繁模式：1,4,3,2,5,6, 支持度为：27
频繁模式：1,4,3,2,6,5, 支持度为：14
频繁模式：1,5,3,2,6,4, 支持度为：17
频繁模式：1,5,4,2,6,3, 支持度为：11
频繁模式：1,5,4,3,6,2, 支持度为：12
频繁模式：2,5,4,3,6,1, 支持度为：14
频繁模式：1,5,3,2,4,6, 支持度为：19
频繁模式：1,6,3,2,4,5, 支持度为：19
频繁模式：1,6,3,2,5,4, 支持度为：17
频繁模式：1,6,4,2,5,3, 支持度为：12
频繁模式：2,6,4,3,5,1, 支持度为：15
频繁模式：1,5,4,2,3,6, 支持度为：14
频繁模式：1,6,4,2,3,5, 支持度为：11
频繁模式：1,6,5,2,3,4, 支持度为：13
频繁模式：1,6,5,2,4,3, 支持度为：10
频繁模式：1,6,5,3,4,2, 支持度为：9
频繁模式：2,6,5,3,4,1, 支持度为：20
频繁模式：1,5,4,3,2,6, 支持度为：16
频繁模式：1,6,4,3,2,5, 支持度为：8
频繁模式：1,6,5,3,2,4, 支持度为：9
频繁模式：1,6,5,4,2,3, 支持度为：14
频繁模式：1,6,5,4,3,2, 支持度为：16
频繁模式：2,6,5,4,3,1, 支持度为：16
频繁模式：2,5,4,3,1,6, 支持度为：9
频繁模式：2,6,4,3,1,5, 支持度为：9
频繁模式：2,6,5,4,1,3, 支持度为：9
频繁模式：3,6,5,4,1,2, 支持度为：23
频繁模式：3,6,5,4,2,1, 支持度为：38
频繁模式：2,4,3,1,5,6, 支持度为：22
频繁模式：2,5,3,1,6,4, 支持度为：8
频繁模式：3,5,4,1,6,2, 支持度为：15
频繁模式：3,5,4,2,6,1, 支持度为：19
频繁模式：2,5,3,1,4,6, 支持度为：9
频繁模式：2,6,3,1,4,5, 支持度为：15
频繁模式：2,6,3,1,5,4, 支持度为：12
频繁模式：2,6,4,1,5,3, 支持度为：9
频繁模式：3,6,4,1,5,2, 支持度为：9
频繁模式：3,6,4,2,5,1, 支持度为：14
频繁模式：2,5,4,1,3,6, 支持度为：15
频繁模式：2,6,4,1,3,5, 支持度为：16
频繁模式：2,6,5,1,3,4, 支持度为：8
频繁模式：2,6,5,1,4,3, 支持度为：16
频繁模式：3,6,5,1,4,2, 支持度为：18
频繁模式：3,6,5,2,4,1, 支持度为：21
频繁模式：3,5,4,1,2,6, 支持度为：11
频繁模式：3,6,4,1,2,5, 支持度为：12
频繁模式：3,6,5,1,2,4, 支持度为：17
频繁模式：4,6,5,1,2,3, 支持度为：25
频繁模式：4,6,5,1,3,2, 支持度为：20
频繁模式：4,6,5,2,3,1, 支持度为：36
频繁模式：3,5,4,2,1,6, 支持度为：17
频繁模式：3,6,4,2,1,5, 支持度为：9
频繁模式：3,6,5,2,1,4, 支持度为：20
频繁模式：4,6,5,2,1,3, 支持度为：25
频繁模式：4,6,5,3,1,2, 支持度为：32
频繁模式：4,6,5,3,2,1, 支持度为：53
频繁模式：2,3,1,4,5,6, 支持度为：54
频繁模式：2,3,1,4,6,5, 支持度为：31
频繁模式：2,3,1,5,6,4, 支持度为：24
频繁模式：2,4,1,5,6,3, 支持度为：11
频繁模式：3,4,2,5,6,1, 支持度为：24
频繁模式：2,3,1,5,4,6, 支持度为：22
频繁模式：2,3,1,6,4,5, 支持度为：22
频繁模式：2,3,1,6,5,4, 支持度为：20
频繁模式：2,4,1,6,5,3, 支持度为：11
频繁模式：3,4,1,6,5,2, 支持度为：9
频繁模式：3,4,2,6,5,1, 支持度为：17
频繁模式：2,4,1,5,3,6, 支持度为：21
频繁模式：2,4,1,6,3,5, 支持度为：11
频繁模式：2,5,1,6,3,4, 支持度为：8
频繁模式：2,5,1,6,4,3, 支持度为：8
频繁模式：3,5,2,6,4,1, 支持度为：11
频繁模式：3,4,1,5,2,6, 支持度为：22
频繁模式：3,4,1,6,2,5, 支持度为：14
频繁模式：3,5,1,6,2,4, 支持度为：16
频繁模式：4,5,1,6,2,3, 支持度为：9
频繁模式：4,5,1,6,3,2, 支持度为：12
频繁模式：4,5,2,6,3,1, 支持度为：9
频繁模式：3,4,2,5,1,6, 支持度为：9
频繁模式：3,4,2,6,1,5, 支持度为：11
频繁模式：3,5,2,6,1,4, 支持度为：12
频繁模式：4,5,2,6,1,3, 支持度为：23
频繁模式：4,5,3,6,1,2, 支持度为：22
频繁模式：4,5,3,6,2,1, 支持度为：32
频繁模式：2,4,1,3,5,6, 支持度为：28
频繁模式：2,4,1,3,6,5, 支持度为：20
频繁模式：2,5,1,3,6,4, 支持度为：17
频繁模式：3,5,2,4,6,1, 支持度为：12
频繁模式：2,5,1,3,4,6, 支持度为：23
频繁模式：2,6,1,3,4,5, 支持度为：17
频繁模式：2,6,1,3,5,4, 支持度为：16
频繁模式：2,6,1,4,5,3, 支持度为：13
频繁模式：3,6,1,4,5,2, 支持度为：11
频繁模式：3,6,2,4,5,1, 支持度为：13
频繁模式：2,5,1,4,3,6, 支持度为：16
频繁模式：2,6,1,4,3,5, 支持度为：20
频繁模式：2,6,1,5,3,4, 支持度为：19
频繁模式：2,6,1,5,4,3, 支持度为：13
频繁模式：3,6,1,5,4,2, 支持度为：11
频繁模式：3,6,2,5,4,1, 支持度为：18
频繁模式：3,5,1,4,2,6, 支持度为：15
频繁模式：3,6,1,4,2,5, 支持度为：13
频繁模式：3,6,1,5,2,4, 支持度为：12
频繁模式：4,6,1,5,2,3, 支持度为：23
频繁模式：4,6,1,5,3,2, 支持度为：15
频繁模式：4,6,2,5,3,1, 支持度为：21
频繁模式：3,5,2,4,1,6, 支持度为：9
频繁模式：3,6,2,4,1,5, 支持度为：15
频繁模式：3,6,2,5,1,4, 支持度为：11
频繁模式：4,6,2,5,1,3, 支持度为：16
频繁模式：4,6,3,5,1,2, 支持度为：22
频繁模式：4,6,3,5,2,1, 支持度为：26
频繁模式：3,4,1,2,5,6, 支持度为：18
频繁模式：3,4,1,2,6,5, 支持度为：16
频繁模式：3,5,1,2,6,4, 支持度为：12
频繁模式：4,5,1,3,6,2, 支持度为：11
频繁模式：4,5,2,3,6,1, 支持度为：23
频繁模式：3,5,1,2,4,6, 支持度为：11
频繁模式：3,6,1,2,4,5, 支持度为：18
频繁模式：4,6,1,3,5,2, 支持度为：16
频繁模式：4,6,2,3,5,1, 支持度为：18
频繁模式：4,5,1,2,3,6, 支持度为：20
频繁模式：4,6,1,2,3,5, 支持度为：17
频繁模式：5,6,1,2,3,4, 支持度为：32
频繁模式：5,6,1,2,4,3, 支持度为：16
频繁模式：5,6,1,3,4,2, 支持度为：13
频繁模式：5,6,2,3,4,1, 支持度为：17
频繁模式：4,6,1,3,2,5, 支持度为：17
频繁模式：5,6,1,3,2,4, 支持度为：20
频繁模式：5,6,1,4,2,3, 支持度为：21
频繁模式：5,6,1,4,3,2, 支持度为：29
频繁模式：5,6,2,4,3,1, 支持度为：25
频繁模式：4,5,2,3,1,6, 支持度为：15
频繁模式：4,6,2,3,1,5, 支持度为：13
频繁模式：5,6,2,3,1,4, 支持度为：28
频繁模式：5,6,2,4,1,3, 支持度为：24
频繁模式：5,6,3,4,1,2, 支持度为：44
频繁模式：5,6,3,4,2,1, 支持度为：73
频繁模式：3,4,2,1,5,6, 支持度为：20
频繁模式：3,4,2,1,6,5, 支持度为：8
频繁模式：4,5,2,1,6,3, 支持度为：8
频繁模式：4,5,3,1,6,2, 支持度为：12
频繁模式：4,5,3,2,6,1, 支持度为：24
频繁模式：3,5,2,1,4,6, 支持度为：9
频繁模式：3,6,2,1,4,5, 支持度为：10
频繁模式：4,6,2,1,5,3, 支持度为：17
频繁模式：4,6,3,1,5,2, 支持度为：13
频繁模式：4,6,3,2,5,1, 支持度为：18
频繁模式：4,6,2,1,3,5, 支持度为：15
频繁模式：5,6,2,1,3,4, 支持度为：25
频繁模式：5,6,2,1,4,3, 支持度为：20
频繁模式：5,6,3,1,4,2, 支持度为：19
频繁模式：5,6,3,2,4,1, 支持度为：20
频繁模式：4,5,3,1,2,6, 支持度为：13
频繁模式：4,6,3,1,2,5, 支持度为：12
频繁模式：5,6,3,1,2,4, 支持度为：20
频繁模式：5,6,4,1,2,3, 支持度为：40
频繁模式：5,6,4,1,3,2, 支持度为：46
频繁模式：5,6,4,2,3,1, 支持度为：55
频繁模式：4,5,3,2,1,6, 支持度为：20
频繁模式：4,6,3,2,1,5, 支持度为：9
频繁模式：5,6,3,2,1,4, 支持度为：19
频繁模式：5,6,4,2,1,3, 支持度为：43
频繁模式：5,6,4,3,1,2, 支持度为：68
频繁模式：5,6,4,3,2,1, 支持度为：129
频繁模式：2,1,3,4,5,6, 支持度为：140
频繁模式：2,1,3,4,6,5, 支持度为：69
频繁模式：2,1,3,5,6,4, 支持度为：30
频繁模式：2,1,4,5,6,3, 支持度为：28
频繁模式：3,1,4,5,6,2, 支持度为：24
频繁模式：3,2,4,5,6,1, 支持度为：22
频繁模式：2,1,3,5,4,6, 支持度为：67
频繁模式：2,1,3,6,4,5, 支持度为：26
频繁模式：2,1,3,6,5,4, 支持度为：32
频繁模式：2,1,4,6,5,3, 支持度为：24
频繁模式：3,1,4,6,5,2, 支持度为：17
频繁模式：3,2,4,6,5,1, 支持度为：12
频繁模式：2,1,4,5,3,6, 支持度为：18
频繁模式：2,1,4,6,3,5, 支持度为：17
频繁模式：2,1,5,6,3,4, 支持度为：17
频繁模式：2,1,5,6,4,3, 支持度为：8
频繁模式：3,1,5,6,4,2, 支持度为：10
频繁模式：3,2,5,6,4,1, 支持度为：10
频繁模式：3,1,4,5,2,6, 支持度为：19
频繁模式：3,1,4,6,2,5, 支持度为：13
频繁模式：3,1,5,6,2,4, 支持度为：12
频繁模式：4,2,5,6,3,1, 支持度为：10
频繁模式：3,2,4,5,1,6, 支持度为：20
频繁模式：3,2,4,6,1,5, 支持度为：21
频繁模式：3,2,5,6,1,4, 支持度为：15
频繁模式：4,2,5,6,1,3, 支持度为：12
频繁模式：4,3,5,6,1,2, 支持度为：25
频繁模式：4,3,5,6,2,1, 支持度为：24
频繁模式：2,1,4,3,5,6, 支持度为：54
频繁模式：2,1,4,3,6,5, 支持度为：43
频繁模式：2,1,5,3,6,4, 支持度为：23
频繁模式：2,1,5,4,6,3, 支持度为：14
频繁模式：3,1,5,4,6,2, 支持度为：18
频繁模式：3,2,5,4,6,1, 支持度为：26
频繁模式：2,1,5,3,4,6, 支持度为：22
频繁模式：2,1,6,3,4,5, 支持度为：17
频繁模式：2,1,6,3,5,4, 支持度为：21
频繁模式：2,1,6,4,5,3, 支持度为：15
频繁模式：3,1,6,4,5,2, 支持度为：15
频繁模式：3,2,6,4,5,1, 支持度为：19
频繁模式：2,1,5,4,3,6, 支持度为：14
频繁模式：2,1,6,4,3,5, 支持度为：13
频繁模式：2,1,6,5,3,4, 支持度为：8
频繁模式：2,1,6,5,4,3, 支持度为：11
频繁模式：3,1,6,5,4,2, 支持度为：11
频繁模式：3,2,6,5,4,1, 支持度为：8
频繁模式：3,1,5,4,2,6, 支持度为：9
频繁模式：3,1,6,4,2,5, 支持度为：15
频繁模式：4,1,6,5,2,3, 支持度为：9
频繁模式：4,2,6,5,3,1, 支持度为：15
频繁模式：3,2,5,4,1,6, 支持度为：11
频繁模式：3,2,6,5,1,4, 支持度为：12
频繁模式：4,2,6,5,1,3, 支持度为：20
频繁模式：4,3,6,5,1,2, 支持度为：19
频繁模式：4,3,6,5,2,1, 支持度为：24
频繁模式：3,1,4,2,5,6, 支持度为：28
频繁模式：3,1,4,2,6,5, 支持度为：20
频繁模式：3,1,5,2,6,4, 支持度为：20
频繁模式：4,1,5,2,6,3, 支持度为：20
频繁模式：4,1,5,3,6,2, 支持度为：13
频繁模式：4,2,5,3,6,1, 支持度为：16
频繁模式：3,1,5,2,4,6, 支持度为：14
频繁模式：3,1,6,2,4,5, 支持度为：18
频繁模式：3,1,6,2,5,4, 支持度为：16
频繁模式：4,1,6,2,5,3, 支持度为：13
频繁模式：4,1,6,3,5,2, 支持度为：8
频繁模式：4,2,6,3,5,1, 支持度为：11
频繁模式：4,1,5,2,3,6, 支持度为：16
频繁模式：4,1,6,2,3,5, 支持度为：13
频繁模式：5,1,6,2,3,4, 支持度为：18
频繁模式：5,1,6,2,4,3, 支持度为：16
频繁模式：5,1,6,3,4,2, 支持度为：12
频繁模式：5,2,6,3,4,1, 支持度为：17
频繁模式：4,1,5,3,2,6, 支持度为：8
频繁模式：5,1,6,3,2,4, 支持度为：19
频繁模式：5,1,6,4,2,3, 支持度为：11
频繁模式：5,1,6,4,3,2, 支持度为：12
频繁模式：5,2,6,4,3,1, 支持度为：20
频繁模式：4,2,5,3,1,6, 支持度为：11
频繁模式：4,2,6,3,1,5, 支持度为：15
频繁模式：5,2,6,4,1,3, 支持度为：14
频繁模式：5,3,6,4,1,2, 支持度为：21
频繁模式：5,3,6,4,2,1, 支持度为：28
频繁模式：3,2,4,1,5,6, 支持度为：30
频繁模式：3,2,4,1,6,5, 支持度为：18
频繁模式：3,2,5,1,6,4, 支持度为：10
频繁模式：4,2,5,1,6,3, 支持度为：9
频繁模式：4,3,5,1,6,2, 支持度为：8
频繁模式：4,3,5,2,6,1, 支持度为：15
频繁模式：3,2,6,1,4,5, 支持度为：17
频繁模式：3,2,6,1,5,4, 支持度为：16
频繁模式：4,2,6,1,5,3, 支持度为：15
频繁模式：4,3,6,1,5,2, 支持度为：23
频繁模式：4,3,6,2,5,1, 支持度为：19
频繁模式：4,2,5,1,3,6, 支持度为：11
频繁模式：4,2,6,1,3,5, 支持度为：10
频繁模式：5,2,6,1,3,4, 支持度为：15
频繁模式：5,2,6,1,4,3, 支持度为：18
频繁模式：5,3,6,1,4,2, 支持度为：19
频繁模式：5,3,6,2,4,1, 支持度为：16
频繁模式：4,3,5,1,2,6, 支持度为：12
频繁模式：4,3,6,1,2,5, 支持度为：12
频繁模式：5,3,6,1,2,4, 支持度为：18
频繁模式：5,4,6,1,2,3, 支持度为：27
频繁模式：5,4,6,1,3,2, 支持度为：27
频繁模式：5,4,6,2,3,1, 支持度为：46
频繁模式：4,3,5,2,1,6, 支持度为：11
频繁模式：5,3,6,2,1,4, 支持度为：18
频繁模式：5,4,6,2,1,3, 支持度为：24
频繁模式：5,4,6,3,1,2, 支持度为：37
频繁模式：5,4,6,3,2,1, 支持度为：58
频繁模式：3,1,2,4,5,6, 支持度为：50
频繁模式：3,1,2,4,6,5, 支持度为：45
频繁模式：3,1,2,5,6,4, 支持度为：15
频繁模式：4,1,2,5,6,3, 支持度为：15
频繁模式：4,1,3,5,6,2, 支持度为：9
频繁模式：3,1,2,5,4,6, 支持度为：33
频繁模式：3,1,2,6,4,5, 支持度为：12
频繁模式：3,1,2,6,5,4, 支持度为：19
频繁模式：4,1,2,6,5,3, 支持度为：12
频繁模式：4,2,3,6,5,1, 支持度为：14
频繁模式：4,1,2,5,3,6, 支持度为：20
频繁模式：4,1,2,6,3,5, 支持度为：11
频繁模式：5,1,2,6,3,4, 支持度为：8
频繁模式：5,1,2,6,4,3, 支持度为：12
频繁模式：5,1,3,6,4,2, 支持度为：11
频繁模式：5,2,3,6,4,1, 支持度为：11
频繁模式：4,1,3,5,2,6, 支持度为：17
频繁模式：4,1,3,6,2,5, 支持度为：8
频繁模式：5,1,4,6,2,3, 支持度为：8
频繁模式：5,1,4,6,3,2, 支持度为：8
频繁模式：5,2,4,6,3,1, 支持度为：10
频繁模式：4,2,3,5,1,6, 支持度为：14
频繁模式：4,2,3,6,1,5, 支持度为：19
频繁模式：5,2,3,6,1,4, 支持度为：12
频繁模式：5,2,4,6,1,3, 支持度为：14
频繁模式：5,3,4,6,1,2, 支持度为：26
频繁模式：5,3,4,6,2,1, 支持度为：29
频繁模式：4,1,2,3,5,6, 支持度为：30
频繁模式：4,1,2,3,6,5, 支持度为：23
频繁模式：5,1,2,3,6,4, 支持度为：15
频繁模式：5,1,2,4,6,3, 支持度为：16
频繁模式：5,1,3,4,6,2, 支持度为：18
频繁模式：5,2,3,4,6,1, 支持度为：16
频繁模式：5,1,2,3,4,6, 支持度为：22
频繁模式：6,1,2,3,4,5, 支持度为：44
频繁模式：6,1,2,3,5,4, 支持度为：16
频繁模式：6,1,2,4,5,3, 支持度为：21
频繁模式：6,1,3,4,5,2, 支持度为：20
频繁模式：6,2,3,4,5,1, 支持度为：12
频繁模式：5,1,2,4,3,6, 支持度为：20
频繁模式：6,1,2,4,3,5, 支持度为：24
频繁模式：6,1,2,5,4,3, 支持度为：9
频繁模式：6,1,3,5,4,2, 支持度为：14
频繁模式：6,2,3,5,4,1, 支持度为：11
频繁模式：5,1,3,4,2,6, 支持度为：17
频繁模式：6,1,3,4,2,5, 支持度为：20
频繁模式：6,1,3,5,2,4, 支持度为：9
频繁模式：6,1,4,5,2,3, 支持度为：19
频繁模式：6,1,4,5,3,2, 支持度为：14
频繁模式：6,2,4,5,3,1, 支持度为：18
频繁模式：5,2,3,4,1,6, 支持度为：15
频繁模式：6,2,3,4,1,5, 支持度为：13
频繁模式：6,2,3,5,1,4, 支持度为：18
频繁模式：6,2,4,5,1,3, 支持度为：15
频繁模式：6,3,4,5,1,2, 支持度为：25
频繁模式：6,3,4,5,2,1, 支持度为：32
频繁模式：4,1,3,2,5,6, 支持度为：24
频繁模式：4,1,3,2,6,5, 支持度为：17
频繁模式：5,1,3,2,6,4, 支持度为：14
频繁模式：5,1,4,2,6,3, 支持度为：22
频繁模式：5,1,4,3,6,2, 支持度为：10
频繁模式：5,2,4,3,6,1, 支持度为：18
频繁模式：5,1,3,2,4,6, 支持度为：17
频繁模式：6,1,3,2,4,5, 支持度为：30
频繁模式：6,1,3,2,5,4, 支持度为：15
频繁模式：6,1,4,2,5,3, 支持度为：17
频繁模式：6,1,4,3,5,2, 支持度为：18
频繁模式：6,2,4,3,5,1, 支持度为：19
频繁模式：5,1,4,2,3,6, 支持度为：9
频繁模式：6,1,4,2,3,5, 支持度为：14
频繁模式：6,1,5,2,3,4, 支持度为：22
频繁模式：6,1,5,2,4,3, 支持度为：25
频繁模式：6,1,5,3,4,2, 支持度为：22
频繁模式：6,2,5,3,4,1, 支持度为：22
频繁模式：5,1,4,3,2,6, 支持度为：14
频繁模式：6,1,4,3,2,5, 支持度为：22
频繁模式：6,1,5,3,2,4, 支持度为：23
频繁模式：6,1,5,4,2,3, 支持度为：24
频繁模式：6,1,5,4,3,2, 支持度为：18
频繁模式：6,2,5,4,3,1, 支持度为：16
频繁模式：5,2,4,3,1,6, 支持度为：16
频繁模式：6,2,4,3,1,5, 支持度为：17
频繁模式：6,2,5,3,1,4, 支持度为：19
频繁模式：6,2,5,4,1,3, 支持度为：20
频繁模式：6,3,5,4,1,2, 支持度为：38
频繁模式：6,3,5,4,2,1, 支持度为：34
频繁模式：4,2,3,1,5,6, 支持度为：24
频繁模式：4,2,3,1,6,5, 支持度为：9
频繁模式：5,2,3,1,6,4, 支持度为：9
频繁模式：5,2,4,1,6,3, 支持度为：13
频繁模式：5,3,4,1,6,2, 支持度为：12
频繁模式：5,3,4,2,6,1, 支持度为：19
频繁模式：5,2,3,1,4,6, 支持度为：8
频繁模式：6,2,3,1,4,5, 支持度为：20
频繁模式：6,2,3,1,5,4, 支持度为：18
频繁模式：6,2,4,1,5,3, 支持度为：14
频繁模式：6,3,4,1,5,2, 支持度为：13
频繁模式：6,3,4,2,5,1, 支持度为：20
频繁模式：5,2,4,1,3,6, 支持度为：13
频繁模式：6,2,4,1,3,5, 支持度为：15
频繁模式：6,2,5,1,3,4, 支持度为：20
频繁模式：6,2,5,1,4,3, 支持度为：17
频繁模式：6,3,5,1,4,2, 支持度为：13
频繁模式：6,3,5,2,4,1, 支持度为：22
频繁模式：5,3,4,1,2,6, 支持度为：8
频繁模式：6,3,4,1,2,5, 支持度为：14
频繁模式：6,3,5,1,2,4, 支持度为：8
频繁模式：6,4,5,1,2,3, 支持度为：33
频繁模式：6,4,5,1,3,2, 支持度为：28
频繁模式：6,4,5,2,3,1, 支持度为：63
频繁模式：5,3,4,2,1,6, 支持度为：11
频繁模式：6,3,4,2,1,5, 支持度为：24
频繁模式：6,3,5,2,1,4, 支持度为：16
频繁模式：6,4,5,2,1,3, 支持度为：33
频繁模式：6,4,5,3,1,2, 支持度为：66
频繁模式：6,4,5,3,2,1, 支持度为：102
频繁模式：3,2,1,4,5,6, 支持度为：44
频繁模式：3,2,1,4,6,5, 支持度为：34
频繁模式：4,3,2,5,6,1, 支持度为：14
频繁模式：3,2,1,5,4,6, 支持度为：23
频繁模式：3,2,1,6,4,5, 支持度为：20
频繁模式：4,3,2,6,5,1, 支持度为：9
频繁模式：4,2,1,5,3,6, 支持度为：24
频繁模式：4,2,1,6,3,5, 支持度为：8
频繁模式：5,2,1,6,3,4, 支持度为：16
频繁模式：5,3,2,6,4,1, 支持度为：13
频繁模式：4,3,1,5,2,6, 支持度为：13
频繁模式：4,3,1,6,2,5, 支持度为：9
频繁模式：5,3,1,6,2,4, 支持度为：11
频繁模式：5,4,1,6,2,3, 支持度为：11
频繁模式：5,4,1,6,3,2, 支持度为：12
频繁模式：5,4,2,6,3,1, 支持度为：17
频繁模式：4,3,2,5,1,6, 支持度为：11
频繁模式：4,3,2,6,1,5, 支持度为：15
频繁模式：5,3,2,6,1,4, 支持度为：15
频繁模式：5,4,2,6,1,3, 支持度为：11
频繁模式：5,4,3,6,1,2, 支持度为：34
频繁模式：5,4,3,6,2,1, 支持度为：26
频繁模式：4,2,1,3,5,6, 支持度为：27
频繁模式：4,2,1,3,6,5, 支持度为：21
频繁模式：5,2,1,3,6,4, 支持度为：12
频繁模式：5,3,2,4,6,1, 支持度为：13
频繁模式：5,2,1,3,4,6, 支持度为：27
频繁模式：6,2,1,3,4,5, 支持度为：22
频繁模式：6,2,1,3,5,4, 支持度为：23
频繁模式：6,2,1,4,5,3, 支持度为：13
频繁模式：6,3,1,4,5,2, 支持度为：14
频繁模式：6,3,2,4,5,1, 支持度为：23
频繁模式：5,2,1,4,3,6, 支持度为：19
频繁模式：6,2,1,4,3,5, 支持度为：17
频繁模式：6,2,1,5,3,4, 支持度为：16
频繁模式：6,2,1,5,4,3, 支持度为：9
频繁模式：6,3,1,5,4,2, 支持度为：9
频繁模式：6,3,2,5,4,1, 支持度为：20
频繁模式：5,3,1,4,2,6, 支持度为：9
频繁模式：6,3,1,4,2,5, 支持度为：12
频繁模式：6,3,1,5,2,4, 支持度为：10
频繁模式：6,4,1,5,2,3, 支持度为：21
频繁模式：6,4,1,5,3,2, 支持度为：18
频繁模式：6,4,2,5,3,1, 支持度为：17
频繁模式：5,3,2,4,1,6, 支持度为：14
频繁模式：6,3,2,4,1,5, 支持度为：15
频繁模式：6,3,2,5,1,4, 支持度为：12
频繁模式：6,4,2,5,1,3, 支持度为：14
频繁模式：6,4,3,5,1,2, 支持度为：26
频繁模式：6,4,3,5,2,1, 支持度为：36
频繁模式：4,3,1,2,5,6, 支持度为：21
频繁模式：4,3,1,2,6,5, 支持度为：14
频繁模式：5,4,1,2,6,3, 支持度为：11
频繁模式：5,4,1,3,6,2, 支持度为：10
频繁模式：5,4,2,3,6,1, 支持度为：22
频繁模式：5,3,1,2,4,6, 支持度为：16
频繁模式：6,3,1,2,4,5, 支持度为：20
频繁模式：6,3,1,2,5,4, 支持度为：12
频繁模式：6,4,1,2,5,3, 支持度为：14
频繁模式：6,4,1,3,5,2, 支持度为：15
频繁模式：6,4,2,3,5,1, 支持度为：28
频繁模式：5,4,1,2,3,6, 支持度为：20
频繁模式：6,4,1,2,3,5, 支持度为：25
频繁模式：6,5,1,2,3,4, 支持度为：28
频繁模式：6,5,1,2,4,3, 支持度为：21
频繁模式：6,5,1,3,4,2, 支持度为：25
频繁模式：6,5,2,3,4,1, 支持度为：39
频繁模式：5,4,1,3,2,6, 支持度为：24
频繁模式：6,4,1,3,2,5, 支持度为：17
频繁模式：6,5,1,3,2,4, 支持度为：31
频繁模式：6,5,1,4,2,3, 支持度为：22
频繁模式：6,5,1,4,3,2, 支持度为：33
频繁模式：6,5,2,4,3,1, 支持度为：48
频繁模式：5,4,2,3,1,6, 支持度为：12
频繁模式：6,4,2,3,1,5, 支持度为：17
频繁模式：6,5,2,3,1,4, 支持度为：17
频繁模式：6,5,2,4,1,3, 支持度为：29
频繁模式：6,5,3,4,1,2, 支持度为：50
频繁模式：6,5,3,4,2,1, 支持度为：89
频繁模式：4,3,2,1,5,6, 支持度为：13
频繁模式：4,3,2,1,6,5, 支持度为：10
频繁模式：5,3,2,1,6,4, 支持度为：15
频繁模式：5,4,2,1,6,3, 支持度为：21
频繁模式：5,4,3,1,6,2, 支持度为：13
频繁模式：5,4,3,2,6,1, 支持度为：25
频繁模式：5,3,2,1,4,6, 支持度为：14
频繁模式：6,3,2,1,4,5, 支持度为：12
频繁模式：6,3,2,1,5,4, 支持度为：17
频繁模式：6,4,2,1,5,3, 支持度为：11
频繁模式：6,4,3,1,5,2, 支持度为：15
频繁模式：6,4,3,2,5,1, 支持度为：17
频繁模式：5,4,2,1,3,6, 支持度为：26
频繁模式：6,4,2,1,3,5, 支持度为：19
频繁模式：6,5,2,1,3,4, 支持度为：37
频繁模式：6,5,2,1,4,3, 支持度为：19
频繁模式：6,5,3,1,4,2, 支持度为：24
频繁模式：6,5,3,2,4,1, 支持度为：43
频繁模式：5,4,3,1,2,6, 支持度为：13
频繁模式：6,4,3,1,2,5, 支持度为：17
频繁模式：6,5,3,1,2,4, 支持度为：35
频繁模式：6,5,4,1,2,3, 支持度为：58
频繁模式：6,5,4,1,3,2, 支持度为：63
频繁模式：6,5,4,2,3,1, 支持度为：78
频繁模式：5,4,3,2,1,6, 支持度为：18
频繁模式：6,4,3,2,1,5, 支持度为：17
频繁模式：6,5,3,2,1,4, 支持度为：30
频繁模式：6,5,4,2,1,3, 支持度为：63
频繁模式：6,5,4,3,1,2, 支持度为：123
频繁模式：6,5,4,3,2,1, 支持度为：212
频繁模式：1,2,3,4,5,6,7, 支持度为：389
频繁模式：1,2,3,4,5,7,6, 支持度为：91
频繁模式：1,2,3,4,6,7,5, 支持度为：34
频繁模式：1,2,3,5,6,7,4, 支持度为：9
频繁模式：1,2,3,4,6,5,7, 支持度为：85
频繁模式：1,2,3,4,7,5,6, 支持度为：24
频繁模式：1,2,3,4,7,6,5, 支持度为：20
频繁模式：1,2,3,5,7,6,4, 支持度为：17
频繁模式：1,2,3,5,6,4,7, 支持度为：18
频繁模式：1,2,3,5,7,4,6, 支持度为：10
频繁模式：1,2,3,6,7,5,4, 支持度为：14
频繁模式：1,2,4,6,7,5,3, 支持度为：9
频繁模式：1,2,3,5,4,6,7, 支持度为：72
频繁模式：1,2,3,5,4,7,6, 支持度为：30
频繁模式：1,2,3,6,4,7,5, 支持度为：21
频繁模式：1,2,3,6,5,7,4, 支持度为：9
频繁模式：1,2,3,6,4,5,7, 支持度为：20
频繁模式：1,2,3,7,4,5,6, 支持度为：14
频繁模式：1,2,3,7,5,6,4, 支持度为：8
频繁模式：1,2,3,6,5,4,7, 支持度为：10
频繁模式：1,2,3,7,6,5,4, 支持度为：10
频繁模式：1,2,4,5,3,6,7, 支持度为：15
频繁模式：1,2,4,5,3,7,6, 支持度为：9
频繁模式：1,2,4,6,3,5,7, 支持度为：9
频繁模式：3,4,6,7,5,2,1, 支持度为：12
频繁模式：1,2,4,3,5,6,7, 支持度为：74
频繁模式：1,2,4,3,5,7,6, 支持度为：26
频繁模式：1,2,4,3,6,7,5, 支持度为：18
频繁模式：1,2,4,3,6,5,7, 支持度为：30
频繁模式：1,2,4,3,7,5,6, 支持度为：9
频繁模式：1,2,5,4,7,6,3, 支持度为：8
频繁模式：1,2,5,3,6,4,7, 支持度为：15
频繁模式：1,2,5,3,7,4,6, 支持度为：10
频繁模式：1,2,5,3,4,6,7, 支持度为：13
频繁模式：1,2,5,3,4,7,6, 支持度为：10
频繁模式：1,2,6,3,5,4,7, 支持度为：8
频繁模式：3,5,7,6,4,2,1, 支持度为：8
频繁模式：1,3,4,2,5,6,7, 支持度为：17
频繁模式：1,3,4,2,5,7,6, 支持度为：11
频繁模式：3,6,7,5,4,2,1, 支持度为：8
频繁模式：4,6,7,5,2,3,1, 支持度为：8
频繁模式：4,6,7,5,3,1,2, 支持度为：8
频繁模式：4,6,7,5,3,2,1, 支持度为：16
频繁模式：2,3,5,1,4,6,7, 支持度为：9
频繁模式：4,6,7,3,5,2,1, 支持度为：8
频繁模式：5,6,7,1,2,3,4, 支持度为：8
频繁模式：5,6,7,2,4,1,3, 支持度为：9
频繁模式：5,6,7,3,4,1,2, 支持度为：10
频繁模式：5,6,7,3,4,2,1, 支持度为：14
频繁模式：5,6,7,4,1,3,2, 支持度为：11
频繁模式：5,6,7,4,2,3,1, 支持度为：14
频繁模式：5,6,7,4,2,1,3, 支持度为：8
频繁模式：5,6,7,4,3,1,2, 支持度为：9
频繁模式：5,6,7,4,3,2,1, 支持度为：26
频繁模式：1,3,2,4,5,6,7, 支持度为：73
频繁模式：1,3,2,4,5,7,6, 支持度为：29
频繁模式：1,3,2,5,6,7,4, 支持度为：10
频繁模式：1,3,2,4,6,5,7, 支持度为：25
频繁模式：1,3,2,4,7,6,5, 支持度为：9
频繁模式：1,3,2,5,7,6,4, 支持度为：10
频繁模式：1,3,2,5,4,6,7, 支持度为：25
频繁模式：1,3,2,5,4,7,6, 支持度为：20
频繁模式：1,3,2,6,4,7,5, 支持度为：9
频繁模式：1,4,2,5,3,6,7, 支持度为：11
频繁模式：1,4,3,5,2,6,7, 支持度为：8
频繁模式：4,6,5,7,2,3,1, 支持度为：11
频繁模式：4,6,5,7,3,2,1, 支持度为：10
频繁模式：1,4,2,3,5,6,7, 支持度为：12
频繁模式：1,4,2,3,5,7,6, 支持度为：14
频繁模式：1,4,2,3,6,5,7, 支持度为：8
频繁模式：1,7,2,3,4,5,6, 支持度为：8
频繁模式：1,5,2,4,3,6,7, 支持度为：8
频繁模式：4,7,5,6,3,2,1, 支持度为：12
频繁模式：1,4,3,2,5,6,7, 支持度为：10
频繁模式：1,4,3,2,5,7,6, 支持度为：9
频繁模式：3,6,5,4,7,1,2, 支持度为：8
频繁模式：4,7,6,5,2,1,3, 支持度为：12
频繁模式：4,7,6,5,3,1,2, 支持度为：8
频繁模式：4,7,6,5,3,2,1, 支持度为：11
频繁模式：2,4,3,1,5,6,7, 支持度为：10
频繁模式：4,7,6,3,5,2,1, 支持度为：8
频繁模式：5,7,6,2,3,4,1, 支持度为：8
频繁模式：5,7,6,2,4,3,1, 支持度为：8
频繁模式：5,7,6,3,4,1,2, 支持度为：8
频繁模式：5,7,6,3,4,2,1, 支持度为：15
频繁模式：5,7,6,4,1,3,2, 支持度为：9
频繁模式：5,7,6,4,2,3,1, 支持度为：11
频繁模式：5,7,6,4,3,1,2, 支持度为：9
频繁模式：5,7,6,4,3,2,1, 支持度为：27
频繁模式：2,3,1,4,5,6,7, 支持度为：18
频繁模式：2,3,1,4,5,7,6, 支持度为：13
频繁模式：2,3,1,5,6,7,4, 支持度为：9
频繁模式：2,3,1,4,6,5,7, 支持度为：9
频繁模式：2,3,1,6,7,4,5, 支持度为：8
频繁模式：5,6,4,7,3,2,1, 支持度为：9
频繁模式：2,4,1,3,5,6,7, 支持度为：8
频繁模式：2,4,1,3,5,7,6, 支持度为：10
频繁模式：2,7,1,4,3,5,6, 支持度为：8
频繁模式：5,7,4,6,3,1,2, 支持度为：9
频繁模式：5,7,4,6,3,2,1, 支持度为：8
频繁模式：6,7,1,2,3,4,5, 支持度为：8
频繁模式：6,7,3,5,4,1,2, 支持度为：8
频繁模式：6,7,3,5,4,2,1, 支持度为：8
频繁模式：6,7,2,5,1,4,3, 支持度为：8
频繁模式：6,7,4,5,1,2,3, 支持度为：9
频繁模式：6,7,4,5,2,3,1, 支持度为：21
频繁模式：6,7,3,4,2,1,5, 支持度为：8
频繁模式：6,7,4,5,2,1,3, 支持度为：10
频繁模式：6,7,4,5,3,1,2, 支持度为：18
频繁模式：6,7,4,5,3,2,1, 支持度为：32
频繁模式：3,4,2,1,5,6,7, 支持度为：8
频繁模式：5,6,4,3,7,1,2, 支持度为：8
频繁模式：6,7,4,2,3,5,1, 支持度为：8
频繁模式：6,7,5,2,3,4,1, 支持度为：11
频繁模式：6,7,5,2,4,3,1, 支持度为：15
频繁模式：6,7,5,2,4,1,3, 支持度为：8
频繁模式：6,7,5,3,4,1,2, 支持度为：12
频繁模式：6,7,5,3,4,2,1, 支持度为：24
频繁模式：6,7,5,2,1,3,4, 支持度为：9
频繁模式：6,7,5,3,2,4,1, 支持度为：13
频繁模式：6,7,5,3,1,2,4, 支持度为：8
频繁模式：6,7,5,4,1,2,3, 支持度为：10
频繁模式：6,7,5,4,1,3,2, 支持度为：16
频繁模式：6,7,5,4,2,3,1, 支持度为：23
频繁模式：6,7,5,3,2,1,4, 支持度为：10
频繁模式：6,7,5,4,2,1,3, 支持度为：17
频繁模式：6,7,5,4,3,1,2, 支持度为：36
频繁模式：6,7,5,4,3,2,1, 支持度为：56
频繁模式：2,1,3,4,5,6,7, 支持度为：79
频繁模式：2,1,3,4,5,7,6, 支持度为：32
频繁模式：2,1,3,4,6,7,5, 支持度为：11
频繁模式：2,1,3,5,6,7,4, 支持度为：8
频繁模式：2,1,3,4,6,5,7, 支持度为：28
频繁模式：2,1,3,4,7,5,6, 支持度为：15
频繁模式：2,1,3,4,7,6,5, 支持度为：8
频繁模式：2,1,3,5,7,6,4, 支持度为：9
频繁模式：2,1,3,5,7,4,6, 支持度为：8
频繁模式：2,1,4,5,6,3,7, 支持度为：10
频繁模式：2,1,3,5,4,6,7, 支持度为：25
频繁模式：2,1,3,5,4,7,6, 支持度为：12
频繁模式：2,1,3,6,4,7,5, 支持度为：9
频繁模式：2,1,3,6,5,4,7, 支持度为：12
频繁模式：5,4,6,7,2,3,1, 支持度为：10
频繁模式：5,4,6,7,3,2,1, 支持度为：13
频繁模式：2,1,4,3,5,6,7, 支持度为：20
频繁模式：2,1,4,3,5,7,6, 支持度为：14
频繁模式：2,1,4,3,6,5,7, 支持度为：17
频繁模式：2,1,6,3,7,4,5, 支持度为：8
频繁模式：4,3,6,5,7,2,1, 支持度为：10
频繁模式：3,1,4,2,5,6,7, 支持度为：8
频繁模式：6,2,7,4,3,5,1, 支持度为：8
频繁模式：6,3,7,5,4,2,1, 支持度为：9
频繁模式：6,4,7,5,3,1,2, 支持度为：10
频繁模式：6,4,7,5,3,2,1, 支持度为：8
频繁模式：3,2,4,1,5,6,7, 支持度为：8
频繁模式：3,2,4,1,5,7,6, 支持度为：9
频繁模式：6,5,7,1,2,3,4, 支持度为：8
频繁模式：6,5,7,3,4,1,2, 支持度为：9
频繁模式：6,5,7,3,4,2,1, 支持度为：18
频繁模式：6,5,7,4,1,3,2, 支持度为：9
频繁模式：6,5,7,4,2,3,1, 支持度为：9
频繁模式：6,5,7,4,2,1,3, 支持度为：10
频繁模式：6,5,7,4,3,1,2, 支持度为：13
频繁模式：6,5,7,4,3,2,1, 支持度为：23
频繁模式：3,1,2,4,5,6,7, 支持度为：23
频繁模式：3,1,2,4,6,7,5, 支持度为：8
频繁模式：3,1,2,4,6,5,7, 支持度为：17
频繁模式：3,1,2,4,7,5,6, 支持度为：11
频繁模式：3,1,2,5,4,6,7, 支持度为：12
频繁模式：6,4,5,7,3,1,2, 支持度为：10
频繁模式：6,4,5,7,3,2,1, 支持度为：13
频繁模式：4,1,2,3,5,6,7, 支持度为：14
频繁模式：4,1,2,3,6,5,7, 支持度为：9
频繁模式：7,1,2,3,4,5,6, 支持度为：17
频繁模式：7,1,2,3,4,6,5, 支持度为：9
频繁模式：7,2,3,5,6,4,1, 支持度为：8
频繁模式：7,1,2,4,3,5,6, 支持度为：11
频繁模式：7,4,5,6,2,3,1, 支持度为：10
频繁模式：7,4,5,6,3,2,1, 支持度为：8
频繁模式：7,1,3,2,4,5,6, 支持度为：13
频繁模式：7,4,6,5,1,2,3, 支持度为：8
频繁模式：7,4,6,5,2,3,1, 支持度为：13
频繁模式：7,4,6,5,3,2,1, 支持度为：13
频繁模式：4,2,3,1,5,6,7, 支持度为：9
频繁模式：7,5,6,1,2,3,4, 支持度为：11
频繁模式：7,5,6,2,3,1,4, 支持度为：9
频繁模式：7,5,6,3,4,1,2, 支持度为：15
频繁模式：7,5,6,3,4,2,1, 支持度为：21
频繁模式：7,4,5,3,2,6,1, 支持度为：8
频繁模式：7,5,6,4,1,2,3, 支持度为：18
频繁模式：7,5,6,4,1,3,2, 支持度为：16
频繁模式：7,5,6,4,2,3,1, 支持度为：16
频繁模式：7,4,5,3,2,1,6, 支持度为：8
频繁模式：7,5,6,4,2,1,3, 支持度为：13
频繁模式：7,5,6,4,3,1,2, 支持度为：26
频繁模式：7,5,6,4,3,2,1, 支持度为：46
频繁模式：3,2,1,4,5,6,7, 支持度为：21
频繁模式：3,2,1,4,6,5,7, 支持度为：11
频繁模式：6,5,4,7,1,3,2, 支持度为：10
频繁模式：6,5,4,7,2,3,1, 支持度为：12
频繁模式：6,5,4,7,3,2,1, 支持度为：14
频繁模式：4,2,1,3,5,7,6, 支持度为：9
频繁模式：4,2,1,3,6,7,5, 支持度为：9
频繁模式：4,2,1,3,6,5,7, 支持度为：10
频繁模式：5,2,1,3,4,6,7, 支持度为：9
频繁模式：5,2,1,3,4,7,6, 支持度为：8
频繁模式：7,2,1,3,4,5,6, 支持度为：8
频繁模式：7,5,2,6,4,3,1, 支持度为：8
频繁模式：7,5,4,6,2,3,1, 支持度为：11
频繁模式：7,5,4,6,3,1,2, 支持度为：12
频繁模式：7,5,4,6,3,2,1, 支持度为：14
频繁模式：7,6,1,2,3,4,5, 支持度为：9
频繁模式：7,6,3,4,5,2,1, 支持度为：13
频繁模式：7,6,1,3,2,4,5, 支持度为：8
频繁模式：7,6,1,5,4,2,3, 支持度为：8
频繁模式：7,6,2,4,3,1,5, 支持度为：9
频繁模式：7,6,3,5,4,1,2, 支持度为：11
频繁模式：7,6,3,5,4,2,1, 支持度为：13
频繁模式：7,6,4,5,1,2,3, 支持度为：9
频繁模式：7,6,4,5,1,3,2, 支持度为：11
频繁模式：7,6,4,5,2,3,1, 支持度为：18
频繁模式：7,6,4,5,2,1,3, 支持度为：9
频繁模式：7,6,4,5,3,1,2, 支持度为：25
频繁模式：7,6,4,5,3,2,1, 支持度为：37
频繁模式：5,4,2,1,3,6,7, 支持度为：9
频繁模式：7,6,2,1,3,4,5, 支持度为：8
频繁模式：7,6,4,3,5,2,1, 支持度为：22
频繁模式：7,6,3,1,2,4,5, 支持度为：8
频繁模式：7,6,4,1,2,3,5, 支持度为：9
频繁模式：7,6,5,1,2,3,4, 支持度为：11
频繁模式：7,6,5,1,2,4,3, 支持度为：9
频繁模式：7,6,5,1,3,4,2, 支持度为：8
频繁模式：7,6,5,2,3,4,1, 支持度为：12
频繁模式：7,6,5,1,3,2,4, 支持度为：15
频繁模式：7,6,5,1,4,2,3, 支持度为：10
频繁模式：7,6,5,1,4,3,2, 支持度为：13
频繁模式：7,6,5,2,4,3,1, 支持度为：14
频繁模式：7,6,4,2,3,1,5, 支持度为：8
频繁模式：7,6,5,2,4,1,3, 支持度为：8
频繁模式：7,6,5,3,4,1,2, 支持度为：18
频繁模式：7,6,5,3,4,2,1, 支持度为：31
频繁模式：6,5,4,3,2,7,1, 支持度为：8
频繁模式：7,6,3,2,1,5,4, 支持度为：8
频繁模式：7,5,4,2,1,3,6, 支持度为：8
频繁模式：7,6,5,2,1,3,4, 支持度为：15
频繁模式：7,6,5,3,2,4,1, 支持度为：19
频繁模式：7,6,5,3,1,2,4, 支持度为：18
频繁模式：7,6,5,4,1,2,3, 支持度为：31
频繁模式：7,6,5,4,1,3,2, 支持度为：29
频繁模式：7,6,5,4,2,3,1, 支持度为：31
频繁模式：7,6,5,3,2,1,4, 支持度为：11
频繁模式：7,6,5,4,2,1,3, 支持度为：22
频繁模式：7,6,5,4,3,1,2, 支持度为：61
频繁模式：7,6,5,4,3,2,1, 支持度为：101
频繁模式：1,2,3,4,5,6,7,8, 支持度为：281
频繁模式：1,2,3,4,5,6,8,7, 支持度为：68
频繁模式：1,2,3,4,5,7,8,6, 支持度为：25
频繁模式：1,2,3,4,5,7,6,8, 支持度为：55
频繁模式：1,2,3,4,5,8,6,7, 支持度为：16
频繁模式：1,2,3,4,5,8,7,6, 支持度为：12
频繁模式：1,2,3,4,6,7,5,8, 支持度为：9
频繁模式：1,2,3,4,6,5,7,8, 支持度为：43
频繁模式：1,2,3,4,6,5,8,7, 支持度为：15
频繁模式：1,2,3,4,7,5,8,6, 支持度为：13
频繁模式：1,2,3,4,7,5,6,8, 支持度为：9
频繁模式：1,2,3,5,4,6,7,8, 支持度为：42
频繁模式：1,2,3,5,4,6,8,7, 支持度为：14
频繁模式：1,2,3,5,4,7,8,6, 支持度为：9
频繁模式：1,2,3,5,4,7,6,8, 支持度为：15
频繁模式：1,2,4,3,5,6,7,8, 支持度为：40
频繁模式：1,2,4,3,5,6,8,7, 支持度为：18
频繁模式：1,2,4,3,5,7,6,8, 支持度为：10
频繁模式：1,2,4,3,6,5,7,8, 支持度为：9
频繁模式：1,2,4,3,6,5,8,7, 支持度为：10
频繁模式：5,7,8,6,4,3,2,1, 支持度为：8
频繁模式：6,7,8,5,3,4,2,1, 支持度为：8
频繁模式：6,7,8,5,4,3,2,1, 支持度为：9
频繁模式：1,3,2,4,5,6,7,8, 支持度为：43
频繁模式：1,3,2,4,5,6,8,7, 支持度为：16
频繁模式：1,3,2,4,5,7,6,8, 支持度为：11
频繁模式：1,3,2,4,5,8,6,7, 支持度为：8
频繁模式：1,3,2,4,6,5,7,8, 支持度为：10
频繁模式：1,3,2,5,4,6,8,7, 支持度为：11
频繁模式：1,3,2,5,4,7,6,8, 支持度为：9
频繁模式：6,8,7,5,4,3,2,1, 支持度为：19
频繁模式：2,3,1,4,5,6,7,8, 支持度为：13
频繁模式：7,8,5,6,4,3,2,1, 支持度为：21
频繁模式：7,8,6,4,5,3,2,1, 支持度为：10
频繁模式：7,8,6,5,4,1,2,3, 支持度为：12
频繁模式：7,8,6,5,4,3,1,2, 支持度为：20
频繁模式：7,8,6,5,4,3,2,1, 支持度为：24
频繁模式：2,1,3,4,5,6,7,8, 支持度为：58
频繁模式：2,1,3,4,5,6,8,7, 支持度为：14
频繁模式：2,1,3,4,5,7,6,8, 支持度为：15
频繁模式：2,1,3,4,6,8,7,5, 支持度为：9
频繁模式：2,1,3,4,6,5,7,8, 支持度为：15
频繁模式：2,1,3,5,4,6,7,8, 支持度为：10
频繁模式：2,1,4,3,5,6,7,8, 支持度为：9
频繁模式：7,6,8,4,5,3,2,1, 支持度为：9
频繁模式：7,6,8,5,4,3,2,1, 支持度为：12
频繁模式：3,1,2,4,5,6,7,8, 支持度为：14
频繁模式：4,1,2,3,5,6,7,8, 支持度为：11
频繁模式：8,1,2,3,4,5,6,7, 支持度为：8
频繁模式：8,6,7,4,5,3,2,1, 支持度为：8
频繁模式：8,6,7,5,4,1,3,2, 支持度为：8
频繁模式：8,6,7,5,4,2,3,1, 支持度为：8
频繁模式：8,6,7,5,4,3,1,2, 支持度为：14
频繁模式：8,6,7,5,4,3,2,1, 支持度为：18
频繁模式：3,2,1,4,5,6,7,8, 支持度为：11
频繁模式：8,7,5,6,4,1,2,3, 支持度为：9
频繁模式：8,7,5,6,4,3,1,2, 支持度为：12
频繁模式：8,7,5,6,4,3,2,1, 支持度为：11
频繁模式：8,7,5,4,6,3,2,1, 支持度为：9
频繁模式：8,7,6,4,5,3,1,2, 支持度为：11
频繁模式：8,7,6,4,5,3,2,1, 支持度为：13
频繁模式：8,7,6,4,3,5,2,1, 支持度为：9
频繁模式：8,7,6,5,1,2,3,4, 支持度为：10
频繁模式：8,7,6,5,1,3,2,4, 支持度为：8
频繁模式：8,7,6,5,3,4,2,1, 支持度为：14
频繁模式：8,7,6,5,3,1,2,4, 支持度为：8
频繁模式：8,7,6,5,4,1,2,3, 支持度为：18
频繁模式：8,7,6,5,4,1,3,2, 支持度为：14
频繁模式：8,7,6,5,4,2,3,1, 支持度为：17
频繁模式：8,7,6,5,4,2,1,3, 支持度为：11
频繁模式：8,7,6,5,4,3,1,2, 支持度为：33
频繁模式：8,7,6,5,4,3,2,1, 支持度为：45
频繁模式：1,2,3,4,5,6,7,8,9, 支持度为：203
频繁模式：1,2,3,4,5,6,7,9,8, 支持度为：52
频繁模式：1,2,3,4,5,6,8,9,7, 支持度为：18
频繁模式：1,2,3,4,5,6,8,7,9, 支持度为：41
频繁模式：1,2,3,4,5,6,9,7,8, 支持度为：12
频繁模式：1,2,3,4,5,6,9,8,7, 支持度为：11
频繁模式：1,2,3,4,5,7,6,8,9, 支持度为：29
频繁模式：1,2,3,4,5,7,6,9,8, 支持度为：10
频繁模式：1,2,3,4,5,8,6,9,7, 支持度为：10
频繁模式：1,2,3,4,5,8,6,7,9, 支持度为：8
频繁模式：1,2,3,4,6,5,7,8,9, 支持度为：28
频繁模式：1,2,3,4,6,5,7,9,8, 支持度为：10
频繁模式：1,2,3,4,6,5,8,7,9, 支持度为：9
频繁模式：1,2,3,5,4,6,7,8,9, 支持度为：21
频繁模式：1,2,3,5,4,6,7,9,8, 支持度为：9
频繁模式：1,2,4,3,5,6,7,8,9, 支持度为：26
频繁模式：1,2,4,3,5,6,8,7,9, 支持度为：8
频繁模式：1,3,2,4,5,6,7,8,9, 支持度为：34
频繁模式：7,9,8,6,5,4,3,2,1, 支持度为：9
频繁模式：2,3,1,4,5,6,7,8,9, 支持度为：8
频繁模式：8,9,7,6,5,4,3,1,2, 支持度为：9
频繁模式：8,9,7,6,5,4,3,2,1, 支持度为：9
频繁模式：2,1,3,4,5,6,7,8,9, 支持度为：44
频繁模式：2,1,3,4,5,6,8,7,9, 支持度为：9
频繁模式：2,1,3,4,5,7,6,8,9, 支持度为：8
频繁模式：2,1,3,4,6,5,7,8,9, 支持度为：8
频繁模式：3,1,2,4,5,6,7,8,9, 支持度为：11
频繁模式：9,7,8,6,5,4,3,2,1, 支持度为：8
频繁模式：3,2,1,4,5,6,7,8,9, 支持度为：9
频繁模式：9,8,7,6,4,5,3,2,1, 支持度为：9
频繁模式：9,8,7,6,5,4,1,2,3, 支持度为：9
频繁模式：9,8,7,6,5,4,1,3,2, 支持度为：10
频繁模式：9,8,7,6,5,4,2,3,1, 支持度为：11
频繁模式：9,8,7,6,5,4,3,1,2, 支持度为：14
频繁模式：9,8,7,6,5,4,3,2,1, 支持度为：19
频繁模式：1,2,3,4,5,6,7,8,9,10, 支持度为：149
频繁模式：1,2,3,4,5,6,7,8,10,9, 支持度为：40
频繁模式：1,2,3,4,5,6,7,9,10,8, 支持度为：10
频繁模式：1,2,3,4,5,6,7,9,8,10, 支持度为：30
频繁模式：1,2,3,4,5,6,7,10,8,9, 支持度为：10
频繁模式：1,2,3,4,5,6,7,10,9,8, 支持度为：8
频繁模式：1,2,3,4,5,6,8,7,9,10, 支持度为：20
频繁模式：1,2,3,4,5,6,8,7,10,9, 支持度为：9
频繁模式：1,2,3,4,5,6,9,7,10,8, 支持度为：8
频繁模式：1,2,3,4,5,7,6,8,9,10, 支持度为：20
频繁模式：1,2,3,4,5,7,6,9,8,10, 支持度为：8
频繁模式：1,2,3,4,6,5,7,8,9,10, 支持度为：16
频繁模式：1,2,3,5,4,6,7,8,9,10, 支持度为：14
频繁模式：1,2,4,3,5,6,7,8,9,10, 支持度为：21
频繁模式：1,3,2,4,5,6,7,8,9,10, 支持度为：27
频繁模式：2,1,3,4,5,6,7,8,9,10, 支持度为：30
频繁模式：10,9,8,7,6,5,4,3,1,2, 支持度为：9
频繁模式：1,2,3,4,5,6,7,8,9,10,11, 支持度为：109
频繁模式：1,2,3,4,5,6,7,8,9,11,10, 支持度为：32
频繁模式：1,2,3,4,5,6,7,8,10,9,11, 支持度为：24
频繁模式：1,2,3,4,5,6,7,8,11,9,10, 支持度为：8
频繁模式：1,2,3,4,5,6,7,9,8,10,11, 支持度为：12
频繁模式：1,2,3,4,5,6,7,10,8,11,9, 支持度为：8
频繁模式：1,2,3,4,5,6,8,7,9,10,11, 支持度为：15
频繁模式：1,2,3,4,5,6,8,7,10,9,11, 支持度为：8
频繁模式：1,2,3,4,5,7,6,8,9,10,11, 支持度为：10
频繁模式：1,2,3,4,6,5,7,8,9,10,11, 支持度为：10
频繁模式：1,2,3,5,4,6,7,8,9,10,11, 支持度为：11
频繁模式：1,2,4,3,5,6,7,8,9,10,11, 支持度为：15
频繁模式：1,3,2,4,5,6,7,8,9,10,11, 支持度为：19
频繁模式：2,1,3,4,5,6,7,8,9,10,11, 支持度为：20
频繁模式：1,2,3,4,5,6,7,8,9,10,11,12, 支持度为：80
频繁模式：1,2,3,4,5,6,7,8,9,10,12,11, 支持度为：23
频繁模式：1,2,3,4,5,6,7,8,9,11,10,12, 支持度为：20
频繁模式：1,2,3,4,5,6,7,8,10,9,11,12, 支持度为：8
频繁模式：1,2,3,4,5,6,7,8,11,9,12,10, 支持度为：8
频繁模式：1,2,3,4,5,6,7,9,8,10,11,12, 支持度为：9
频繁模式：1,2,3,4,6,5,7,8,9,10,11,12, 支持度为：8
频繁模式：1,2,3,5,4,6,7,8,9,10,11,12, 支持度为：8
频繁模式：1,2,4,3,5,6,7,8,9,10,11,12, 支持度为：11
频繁模式：1,3,2,4,5,6,7,8,9,10,11,12, 支持度为：11
频繁模式：2,1,3,4,5,6,7,8,9,10,11,12, 支持度为：13
频繁模式：1,2,3,4,5,6,7,8,9,10,11,12,13, 支持度为：57
频繁模式：1,2,3,4,5,6,7,8,9,10,11,13,12, 支持度为：19
频繁模式：1,2,3,4,5,6,7,8,9,10,12,11,13, 支持度为：14
频繁模式：1,2,4,3,5,6,7,8,9,10,11,12,13, 支持度为：9
频繁模式：1,3,2,4,5,6,7,8,9,10,11,12,13, 支持度为：8
频繁模式：2,1,3,4,5,6,7,8,9,10,11,12,13, 支持度为：11
频繁模式：1,2,3,4,5,6,7,8,9,10,11,12,13,14, 支持度为：39
频繁模式：1,2,3,4,5,6,7,8,9,10,11,12,14,13, 支持度为：15
频繁模式：1,2,3,4,5,6,7,8,9,10,11,13,12,14, 支持度为：12
频繁模式：2,1,3,4,5,6,7,8,9,10,11,12,13,14, 支持度为：8
频繁模式：1,2,3,4,5,6,7,8,9,10,11,12,13,14,15, 支持度为：27
频繁模式：1,2,3,4,5,6,7,8,9,10,11,12,13,15,14, 支持度为：10
频繁模式：1,2,3,4,5,6,7,8,9,10,11,12,14,13,15, 支持度为：8
频繁模式：1,2,3,4,5,6,7,8,9,10,11,12,13,14,15,16, 支持度为：18
频繁模式：1,2,3,4,5,6,7,8,9,10,11,12,13,14,15,16,17, 支持度为：10
